0.025 1.725
0.025 -1.675
0.025 1.775
0.025 -1.725
0.025 1.825
0.025 -1.775
0.025 1.875
0.025 -1.825
0.075 1.725
0.075 -1.675
0.075 1.775
0.075 -1.725
0.075 1.825
0.075 -1.775
0.075 1.875
0.075 -1.825
0.125 1.725
0.125 -1.675
0.125 1.775
0.125 -1.725
0.125 1.825
0.125 -1.775
0.125 1.875
0.125 -1.825
0.175 1.725
0.175 -1.675
0.175 1.775
0.175 -1.725
0.175 1.825
0.175 -1.775
0.175 1.875
0.175 -1.825
0.225 1.725
0.225 -1.675
0.225 1.775
0.225 -1.725
0.225 1.825
0.225 -1.775
0.225 1.875
0.225 -1.825
0.275 1.725
0.275 -1.675
0.275 1.775
0.275 -1.725
0.275 1.825
0.275 -1.775
0.275 1.875
0.275 -1.825
0.325 1.725
0.325 -1.675
0.325 1.775
0.325 -1.725
0.325 1.825
0.325 -1.775
0.325 1.875
0.325 -1.825
0.375 1.725
0.375 -1.675
0.375 1.775
0.375 -1.725
0.375 1.825
0.375 -1.775
0.375 1.875
0.375 -1.825
0.425 1.725
0.425 -1.675
0.425 1.775
0.425 -1.725
0.425 1.825
0.425 -1.775
0.425 1.875
0.425 -1.825
0.475 1.725
0.475 -1.675
0.475 1.775
0.475 -1.725
0.475 1.825
0.475 -1.775
0.475 1.875
0.475 -1.825
0.525 1.725
0.525 -1.675
0.525 1.775
0.525 -1.725
0.525 1.825
0.525 -1.775
0.525 1.875
0.525 -1.825
0.575 1.725
0.575 -1.675
0.575 1.775
0.575 -1.725
0.575 1.825
0.575 -1.775
0.575 1.875
0.575 -1.825
0.625 1.725
0.625 -1.675
0.625 1.775
0.625 -1.725
0.625 1.825
0.625 -1.775
0.625 1.875
0.625 -1.825
0.675 1.725
0.675 -1.675
0.675 1.775
0.675 -1.725
0.675 1.825
0.675 -1.775
0.675 1.875
0.675 -1.825
0.725 1.725
0.725 -1.675
0.725 1.775
0.725 -1.725
0.725 1.825
0.725 -1.775
0.725 1.875
0.725 -1.825
0.775 1.725
0.775 -1.675
0.775 1.775
0.775 -1.725
0.775 1.825
0.775 -1.775
0.775 1.875
0.775 -1.825
0.825 1.725
0.825 -1.675
0.825 1.775
0.825 -1.725
0.825 1.825
0.825 -1.775
0.825 1.875
0.825 -1.825
0.875 1.725
0.875 -1.675
0.875 1.775
0.875 -1.725
0.875 1.825
0.875 -1.775
0.875 1.875
0.875 -1.825
0.925 1.725
0.925 -1.675
0.925 1.775
0.925 -1.725
0.925 1.825
0.925 -1.775
0.925 1.875
0.925 -1.825
0.975 1.725
0.975 -1.675
0.975 1.775
0.975 -1.725
0.975 1.825
0.975 -1.775
0.975 1.875
0.975 -1.825
1.025 1.725
1.025 -1.675
1.025 1.775
1.025 -1.725
1.025 1.825
1.025 -1.775
1.025 1.875
1.025 -1.825
1.075 1.725
1.075 -1.675
1.075 1.775
1.075 -1.725
1.075 1.825
1.075 -1.775
1.075 1.875
1.075 -1.825
1.125 1.725
1.125 -1.675
1.125 1.775
1.125 -1.725
1.125 1.825
1.125 -1.775
1.125 1.875
1.125 -1.825
1.175 1.725
1.175 -1.675
1.175 1.775
1.175 -1.725
1.175 1.825
1.175 -1.775
1.175 1.875
1.175 -1.825
1.225 1.725
1.225 -1.675
1.225 1.775
1.225 -1.725
1.225 1.825
1.225 -1.775
1.225 1.875
1.225 -1.825
1.275 1.725
1.275 -1.675
1.275 1.775
1.275 -1.725
1.275 1.825
1.275 -1.775
1.275 1.875
1.275 -1.825
1.325 1.725
1.325 -1.675
1.325 1.775
1.325 -1.725
1.325 1.825
1.325 -1.775
1.325 1.875
1.325 -1.825
1.375 1.725
1.375 -1.675
1.375 1.775
1.375 -1.725
1.375 1.825
1.375 -1.775
1.375 1.875
1.375 -1.825
1.425 1.725
1.425 -1.675
1.425 1.775
1.425 -1.725
1.425 1.825
1.425 -1.775
1.425 1.875
1.425 -1.825
1.475 1.725
1.475 -1.675
1.475 1.775
1.475 -1.725
1.475 1.825
1.475 -1.775
1.475 1.875
1.475 -1.825
1.525 1.725
1.525 -1.675
1.525 1.775
1.525 -1.725
1.525 1.825
1.525 -1.775
1.525 1.875
1.525 -1.825
1.575 1.725
1.575 -1.675
1.575 1.775
1.575 -1.725
1.575 1.825
1.575 -1.775
1.575 1.875
1.575 -1.825
1.625 1.725
1.625 -1.675
1.625 1.775
1.625 -1.725
1.625 1.825
1.625 -1.775
1.625 1.875
1.625 -1.825
1.675 1.725
1.675 -1.675
1.675 1.775
1.675 -1.725
1.675 1.825
1.675 -1.775
1.675 1.875
1.675 -1.825
1.725 1.725
1.725 -1.675
1.725 1.775
1.725 -1.725
1.725 1.825
1.725 -1.775
1.725 1.875
1.725 -1.825
1.775 1.725
1.775 -1.675
1.775 1.775
1.775 -1.725
1.775 1.825
1.775 -1.775
1.775 1.875
1.775 -1.825
1.825 1.725
1.825 -1.675
1.825 1.775
1.825 -1.725
1.825 1.825
1.825 -1.775
1.825 1.875
1.825 -1.825
1.875 1.725
1.875 -1.675
1.875 1.775
1.875 -1.725
1.875 1.825
1.875 -1.775
1.875 1.875
1.875 -1.825
1.925 1.725
1.925 -1.675
1.925 1.775
1.925 -1.725
1.925 1.825
1.925 -1.775
1.925 1.875
1.925 -1.825
1.975 1.725
1.975 -1.675
1.975 1.775
1.975 -1.725
1.975 1.825
1.975 -1.775
1.975 1.875
1.975 -1.825
2.025 1.725
2.025 -1.675
2.025 1.775
2.025 -1.725
2.025 1.825
2.025 -1.775
2.025 1.875
2.025 -1.825
2.075 1.725
2.075 -1.675
2.075 1.775
2.075 -1.725
2.075 1.825
2.075 -1.775
2.075 1.875
2.075 -1.825
2.125 1.725
2.125 -1.675
2.125 1.775
2.125 -1.725
2.125 1.825
2.125 -1.775
2.125 1.875
2.125 -1.825
2.175 1.725
2.175 -1.675
2.175 1.775
2.175 -1.725
2.175 1.825
2.175 -1.775
2.175 1.875
2.175 -1.825
2.225 1.725
2.225 -1.675
2.225 1.775
2.225 -1.725
2.225 1.825
2.225 -1.775
2.225 1.875
2.225 -1.825
2.275 1.725
2.275 -1.675
2.275 1.775
2.275 -1.725
2.275 1.825
2.275 -1.775
2.275 1.875
2.275 -1.825
2.325 1.725
2.325 -1.675
2.325 1.775
2.325 -1.725
2.325 1.825
2.325 -1.775
2.325 1.875
2.325 -1.825
2.375 1.725
2.375 -1.675
2.375 1.775
2.375 -1.725
2.375 1.825
2.375 -1.775
2.375 1.875
2.375 -1.825
2.425 1.725
2.425 -1.675
2.425 1.775
2.425 -1.725
2.425 1.825
2.425 -1.775
2.425 1.875
2.425 -1.825
2.475 1.725
2.475 -1.675
2.475 1.775
2.475 -1.725
2.475 1.825
2.475 -1.775
2.475 1.875
2.475 -1.825
2.525 1.725
2.525 -1.675
2.525 1.775
2.525 -1.725
2.525 1.825
2.525 -1.775
2.525 1.875
2.525 -1.825
2.575 1.725
2.575 -1.675
2.575 1.775
2.575 -1.725
2.575 1.825
2.575 -1.775
2.575 1.875
2.575 -1.825
2.625 1.725
2.625 -1.675
2.625 1.775
2.625 -1.725
2.625 1.825
2.625 -1.775
2.625 1.875
2.625 -1.825
2.675 1.725
2.675 -1.675
2.675 1.775
2.675 -1.725
2.675 1.825
2.675 -1.775
2.675 1.875
2.675 -1.825
2.725 1.725
2.725 -1.675
2.725 1.775
2.725 -1.725
2.725 1.825
2.725 -1.775
2.725 1.875
2.725 -1.825
2.775 1.725
2.775 -1.675
2.775 1.775
2.775 -1.725
2.775 1.825
2.775 -1.775
2.775 1.875
2.775 -1.825
2.825 1.725
2.825 -1.675
2.825 1.775
2.825 -1.725
2.825 1.825
2.825 -1.775
2.825 1.875
2.825 -1.825
2.875 1.725
2.875 -1.675
2.875 1.775
2.875 -1.725
2.875 1.825
2.875 -1.775
2.875 1.875
2.875 -1.825
2.925 1.725
2.925 -1.675
2.925 1.775
2.925 -1.725
2.925 1.825
2.925 -1.775
2.925 1.875
2.925 -1.825
2.975 1.725
2.975 -1.675
2.975 1.775
2.975 -1.725
2.975 1.825
2.975 -1.775
2.975 1.875
2.975 -1.825
3.025 1.725
3.025 -1.675
3.025 1.775
3.025 -1.725
3.025 1.825
3.025 -1.775
3.025 1.875
3.025 -1.825
3.075 1.725
3.075 -1.675
3.075 1.775
3.075 -1.725
3.075 1.825
3.075 -1.775
3.075 1.875
3.075 -1.825
3.125 1.725
3.125 -1.675
3.125 1.775
3.125 -1.725
3.125 1.825
3.125 -1.775
3.125 1.875
3.125 -1.825
3.175 1.725
3.175 -1.675
3.175 1.775
3.175 -1.725
3.175 1.825
3.175 -1.775
3.175 1.875
3.175 -1.825
3.225 1.725
3.225 -1.675
3.225 1.775
3.225 -1.725
3.225 1.825
3.225 -1.775
3.225 1.875
3.225 -1.825
3.275 1.725
3.275 -1.675
3.275 1.775
3.275 -1.725
3.275 1.825
3.275 -1.775
3.275 1.875
3.275 -1.825
3.325 1.725
3.325 -1.675
3.325 1.775
3.325 -1.725
3.325 1.825
3.325 -1.775
3.325 1.875
3.325 -1.825
3.375 1.725
3.375 -1.675
3.375 1.775
3.375 -1.725
3.375 1.825
3.375 -1.775
3.375 1.875
3.375 -1.825
3.425 1.725
3.425 -1.675
3.425 1.775
3.425 -1.725
3.425 1.825
3.425 -1.775
3.425 1.875
3.425 -1.825
3.475 1.725
3.475 -1.675
3.475 1.775
3.475 -1.725
3.475 1.825
3.475 -1.775
3.475 1.875
3.475 -1.825
3.525 1.725
3.525 -1.675
3.525 1.775
3.525 -1.725
3.525 1.825
3.525 -1.775
3.525 1.875
3.525 -1.825
3.575 1.725
3.575 -1.675
3.575 1.775
3.575 -1.725
3.575 1.825
3.575 -1.775
3.575 1.875
3.575 -1.825
3.625 1.725
3.625 -1.675
3.625 1.775
3.625 -1.725
3.625 1.825
3.625 -1.775
3.625 1.875
3.625 -1.825
3.675 1.725
3.675 -1.675
3.675 1.775
3.675 -1.725
3.675 1.825
3.675 -1.775
3.675 1.875
3.675 -1.825
3.725 1.725
3.725 -1.675
3.725 1.775
3.725 -1.725
3.725 1.825
3.725 -1.775
3.725 1.875
3.725 -1.825
3.775 1.725
3.775 -1.675
3.775 1.775
3.775 -1.725
3.775 1.825
3.775 -1.775
3.775 1.875
3.775 -1.825
3.825 1.725
3.825 -1.675
3.825 1.775
3.825 -1.725
3.825 1.825
3.825 -1.775
3.825 1.875
3.825 -1.825
3.875 1.725
3.875 -1.675
3.875 1.775
3.875 -1.725
3.875 1.825
3.875 -1.775
3.875 1.875
3.875 -1.825
3.925 1.725
3.925 -1.675
3.925 1.775
3.925 -1.725
3.925 1.825
3.925 -1.775
3.925 1.875
3.925 -1.825
3.975 1.725
3.975 -1.675
3.975 1.775
3.975 -1.725
3.975 1.825
3.975 -1.775
3.975 1.875
3.975 -1.825
4.025 1.725
4.025 -1.675
4.025 1.775
4.025 -1.725
4.025 1.825
4.025 -1.775
4.025 1.875
4.025 -1.825
4.075 1.725
4.075 -1.675
4.075 1.775
4.075 -1.725
4.075 1.825
4.075 -1.775
4.075 1.875
4.075 -1.825
4.125 1.725
4.125 -1.675
4.125 1.775
4.125 -1.725
4.125 1.825
4.125 -1.775
4.125 1.875
4.125 -1.825
4.175 1.725
4.175 -1.675
4.175 1.775
4.175 -1.725
4.175 1.825
4.175 -1.775
4.175 1.875
4.175 -1.825
4.225 1.725
4.225 -1.675
4.225 1.775
4.225 -1.725
4.225 1.825
4.225 -1.775
4.225 1.875
4.225 -1.825
4.275 1.725
4.275 -1.675
4.275 1.775
4.275 -1.725
4.275 1.825
4.275 -1.775
4.275 1.875
4.275 -1.825
4.325 1.725
4.325 -1.675
4.325 1.775
4.325 -1.725
4.325 1.825
4.325 -1.775
4.325 1.875
4.325 -1.825
4.375 1.725
4.375 -1.675
4.375 1.775
4.375 -1.725
4.375 1.825
4.375 -1.775
4.375 1.875
4.375 -1.825
4.425 1.725
4.425 -1.675
4.425 1.775
4.425 -1.725
4.425 1.825
4.425 -1.775
4.425 1.875
4.425 -1.825
4.475 1.725
4.475 -1.675
4.475 1.775
4.475 -1.725
4.475 1.825
4.475 -1.775
4.475 1.875
4.475 -1.825
4.525 1.725
4.525 -1.675
4.525 1.775
4.525 -1.725
4.525 1.825
4.525 -1.775
4.525 1.875
4.525 -1.825
4.575 1.725
4.575 -1.675
4.575 1.775
4.575 -1.725
4.575 1.825
4.575 -1.775
4.575 1.875
4.575 -1.825
4.625 1.725
4.625 -1.675
4.625 1.775
4.625 -1.725
4.625 1.825
4.625 -1.775
4.625 1.875
4.625 -1.825
4.675 1.725
4.675 -1.675
4.675 1.775
4.675 -1.725
4.675 1.825
4.675 -1.775
4.675 1.875
4.675 -1.825
4.725 1.725
4.725 -1.675
4.725 1.775
4.725 -1.725
4.725 1.825
4.725 -1.775
4.725 1.875
4.725 -1.825
4.775 1.725
4.775 -1.675
4.775 1.775
4.775 -1.725
4.775 1.825
4.775 -1.775
4.775 1.875
4.775 -1.825
4.825 1.725
4.825 -1.675
4.825 1.775
4.825 -1.725
4.825 1.825
4.825 -1.775
4.825 1.875
4.825 -1.825
4.875 1.725
4.875 -1.675
4.875 1.775
4.875 -1.725
4.875 1.825
4.875 -1.775
4.875 1.875
4.875 -1.825
4.925 1.725
4.925 -1.675
4.925 1.775
4.925 -1.725
4.925 1.825
4.925 -1.775
4.925 1.875
4.925 -1.825
4.975 1.725
4.975 -1.675
4.975 1.775
4.975 -1.725
4.975 1.825
4.975 -1.775
4.975 1.875
4.975 -1.825
5.025 1.725
5.025 -1.675
5.025 1.775
5.025 -1.725
5.025 1.825
5.025 -1.775
5.025 1.875
5.025 -1.825
5.075 1.725
5.075 -1.675
5.075 1.775
5.075 -1.725
5.075 1.825
5.075 -1.775
5.075 1.875
5.075 -1.825
5.125 1.725
5.125 -1.675
5.125 1.775
5.125 -1.725
5.125 1.825
5.125 -1.775
5.125 1.875
5.125 -1.825
5.175 1.725
5.175 -1.675
5.175 1.775
5.175 -1.725
5.175 1.825
5.175 -1.775
5.175 1.875
5.175 -1.825
5.225 1.725
5.225 -1.675
5.225 1.775
5.225 -1.725
5.225 1.825
5.225 -1.775
5.225 1.875
5.225 -1.825
5.275 1.725
5.275 -1.675
5.275 1.775
5.275 -1.725
5.275 1.825
5.275 -1.775
5.275 1.875
5.275 -1.825
5.325 1.725
5.325 -1.675
5.325 1.775
5.325 -1.725
5.325 1.825
5.325 -1.775
5.325 1.875
5.325 -1.825
5.375 1.725
5.375 -1.675
5.375 1.775
5.375 -1.725
5.375 1.825
5.375 -1.775
5.375 1.875
5.375 -1.825
5.425 1.725
5.425 -1.675
5.425 1.775
5.425 -1.725
5.425 1.825
5.425 -1.775
5.425 1.875
5.425 -1.825
5.475 1.725
5.475 -1.675
5.475 1.775
5.475 -1.725
5.475 1.825
5.475 -1.775
5.475 1.875
5.475 -1.825
5.525 1.725
5.525 -1.675
5.525 1.775
5.525 -1.725
5.525 1.825
5.525 -1.775
5.525 1.875
5.525 -1.825
5.575 1.725
5.575 -1.675
5.575 1.775
5.575 -1.725
5.575 1.825
5.575 -1.775
5.575 1.875
5.575 -1.825
5.625 1.725
5.625 -1.675
5.625 1.775
5.625 -1.725
5.625 1.825
5.625 -1.775
5.625 1.875
5.625 -1.825
5.675 1.725
5.675 -1.675
5.675 1.775
5.675 -1.725
5.675 1.825
5.675 -1.775
5.675 1.875
5.675 -1.825
5.725 1.725
5.725 -1.675
5.725 1.775
5.725 -1.725
5.725 1.825
5.725 -1.775
5.725 1.875
5.725 -1.825
5.775 1.725
5.775 -1.675
5.775 1.775
5.775 -1.725
5.775 1.825
5.775 -1.775
5.775 1.875
5.775 -1.825
5.825 1.725
5.825 -1.675
5.825 1.775
5.825 -1.725
5.825 1.825
5.825 -1.775
5.825 1.875
5.825 -1.825
5.875 1.725
5.875 -1.675
5.875 1.775
5.875 -1.725
5.875 1.825
5.875 -1.775
5.875 1.875
5.875 -1.825
5.925 1.725
5.925 -1.675
5.925 1.775
5.925 -1.725
5.925 1.825
5.925 -1.775
5.925 1.875
5.925 -1.825
5.975 1.725
5.975 -1.675
5.975 1.775
5.975 -1.725
5.975 1.825
5.975 -1.775
5.975 1.875
5.975 -1.825
9.425 1.725
9.425 -1.675
9.425 1.775
9.425 -1.725
9.425 1.825
9.425 -1.775
9.425 1.875
9.425 -1.825
9.475 1.725
9.475 -1.675
9.475 1.775
9.475 -1.725
9.475 1.825
9.475 -1.775
9.475 1.875
9.475 -1.825
9.525 1.725
9.525 -1.675
9.525 1.775
9.525 -1.725
9.525 1.825
9.525 -1.775
9.525 1.875
9.525 -1.825
9.575 1.725
9.575 -1.675
9.575 1.775
9.575 -1.725
9.575 1.825
9.575 -1.775
9.575 1.875
9.575 -1.825
9.625 1.725
9.625 -1.675
9.625 1.775
9.625 -1.725
9.625 1.825
9.625 -1.775
9.625 1.875
9.625 -1.825
9.675 1.725
9.675 -1.675
9.675 1.775
9.675 -1.725
9.675 1.825
9.675 -1.775
9.675 1.875
9.675 -1.825
9.725 1.725
9.725 -1.675
9.725 1.775
9.725 -1.725
9.725 1.825
9.725 -1.775
9.725 1.875
9.725 -1.825
9.775 1.725
9.775 -1.675
9.775 1.775
9.775 -1.725
9.775 1.825
9.775 -1.775
9.775 1.875
9.775 -1.825
9.825 1.725
9.825 -1.675
9.825 1.775
9.825 -1.725
9.825 1.825
9.825 -1.775
9.825 1.875
9.825 -1.825
9.875 1.725
9.875 -1.675
9.875 1.775
9.875 -1.725
9.875 1.825
9.875 -1.775
9.875 1.875
9.875 -1.825
9.925 1.725
9.925 -1.675
9.925 1.775
9.925 -1.725
9.925 1.825
9.925 -1.775
9.925 1.875
9.925 -1.825
9.975 1.725
9.975 -1.675
9.975 1.775
9.975 -1.725
9.975 1.825
9.975 -1.775
9.975 1.875
9.975 -1.825
10.025 1.725
10.025 -1.675
10.025 1.775
10.025 -1.725
10.025 1.825
10.025 -1.775
10.025 1.875
10.025 -1.825
10.075 1.725
10.075 -1.675
10.075 1.775
10.075 -1.725
10.075 1.825
10.075 -1.775
10.075 1.875
10.075 -1.825
10.125 1.725
10.125 -1.675
10.125 1.775
10.125 -1.725
10.125 1.825
10.125 -1.775
10.125 1.875
10.125 -1.825
10.175 1.725
10.175 -1.675
10.175 1.775
10.175 -1.725
10.175 1.825
10.175 -1.775
10.175 1.875
10.175 -1.825
10.225 1.725
10.225 -1.675
10.225 1.775
10.225 -1.725
10.225 1.825
10.225 -1.775
10.225 1.875
10.225 -1.825
10.275 1.725
10.275 -1.675
10.275 1.775
10.275 -1.725
10.275 1.825
10.275 -1.775
10.275 1.875
10.275 -1.825
10.325 1.725
10.325 -1.675
10.325 1.775
10.325 -1.725
10.325 1.825
10.325 -1.775
10.325 1.875
10.325 -1.825
10.375 1.725
10.375 -1.675
10.375 1.775
10.375 -1.725
10.375 1.825
10.375 -1.775
10.375 1.875
10.375 -1.825
10.425 1.725
10.425 -1.675
10.425 1.775
10.425 -1.725
10.425 1.825
10.425 -1.775
10.425 1.875
10.425 -1.825
10.475 1.725
10.475 -1.675
10.475 1.775
10.475 -1.725
10.475 1.825
10.475 -1.775
10.475 1.875
10.475 -1.825
10.525 1.725
10.525 -1.675
10.525 1.775
10.525 -1.725
10.525 1.825
10.525 -1.775
10.525 1.875
10.525 -1.825
10.575 1.725
10.575 -1.675
10.575 1.775
10.575 -1.725
10.575 1.825
10.575 -1.775
10.575 1.875
10.575 -1.825
10.625 1.725
10.625 -1.675
10.625 1.775
10.625 -1.725
10.625 1.825
10.625 -1.775
10.625 1.875
10.625 -1.825
10.675 1.725
10.675 -1.675
10.675 1.775
10.675 -1.725
10.675 1.825
10.675 -1.775
10.675 1.875
10.675 -1.825
10.725 1.725
10.725 -1.675
10.725 1.775
10.725 -1.725
10.725 1.825
10.725 -1.775
10.725 1.875
10.725 -1.825
10.775 1.725
10.775 -1.675
10.775 1.775
10.775 -1.725
10.775 1.825
10.775 -1.775
10.775 1.875
10.775 -1.825
10.825 1.725
10.825 -1.675
10.825 1.775
10.825 -1.725
10.825 1.825
10.825 -1.775
10.825 1.875
10.825 -1.825
10.875 1.725
10.875 -1.675
10.875 1.775
10.875 -1.725
10.875 1.825
10.875 -1.775
10.875 1.875
10.875 -1.825
10.925 1.725
10.925 -1.675
10.925 1.775
10.925 -1.725
10.925 1.825
10.925 -1.775
10.925 1.875
10.925 -1.825
10.975 1.725
10.975 -1.675
10.975 1.775
10.975 -1.725
10.975 1.825
10.975 -1.775
10.975 1.875
10.975 -1.825
11.025 1.725
11.025 -1.675
11.025 1.775
11.025 -1.725
11.025 1.825
11.025 -1.775
11.025 1.875
11.025 -1.825
11.075 1.725
11.075 -1.675
11.075 1.775
11.075 -1.725
11.075 1.825
11.075 -1.775
11.075 1.875
11.075 -1.825
11.125 1.725
11.125 -1.675
11.125 1.775
11.125 -1.725
11.125 1.825
11.125 -1.775
11.125 1.875
11.125 -1.825
11.175 1.725
11.175 -1.675
11.175 1.775
11.175 -1.725
11.175 1.825
11.175 -1.775
11.175 1.875
11.175 -1.825
11.225 1.725
11.225 -1.675
11.225 1.775
11.225 -1.725
11.225 1.825
11.225 -1.775
11.225 1.875
11.225 -1.825
11.275 1.725
11.275 -1.675
11.275 1.775
11.275 -1.725
11.275 1.825
11.275 -1.775
11.275 1.875
11.275 -1.825
11.325 1.725
11.325 -1.675
11.325 1.775
11.325 -1.725
11.325 1.825
11.325 -1.775
11.325 1.875
11.325 -1.825
11.375 1.725
11.375 -1.675
11.375 1.775
11.375 -1.725
11.375 1.825
11.375 -1.775
11.375 1.875
11.375 -1.825
11.425 1.725
11.425 -1.675
11.425 1.775
11.425 -1.725
11.425 1.825
11.425 -1.775
11.425 1.875
11.425 -1.825
11.475 1.725
11.475 -1.675
11.475 1.775
11.475 -1.725
11.475 1.825
11.475 -1.775
11.475 1.875
11.475 -1.825
11.525 1.725
11.525 -1.675
11.525 1.775
11.525 -1.725
11.525 1.825
11.525 -1.775
11.525 1.875
11.525 -1.825
11.575 1.725
11.575 -1.675
11.575 1.775
11.575 -1.725
11.575 1.825
11.575 -1.775
11.575 1.875
11.575 -1.825
11.625 1.725
11.625 -1.675
11.625 1.775
11.625 -1.725
11.625 1.825
11.625 -1.775
11.625 1.875
11.625 -1.825
11.675 1.725
11.675 -1.675
11.675 1.775
11.675 -1.725
11.675 1.825
11.675 -1.775
11.675 1.875
11.675 -1.825
11.725 1.725
11.725 -1.675
11.725 1.775
11.725 -1.725
11.725 1.825
11.725 -1.775
11.725 1.875
11.725 -1.825
11.775 1.725
11.775 -1.675
11.775 1.775
11.775 -1.725
11.775 1.825
11.775 -1.775
11.775 1.875
11.775 -1.825
11.825 1.725
11.825 -1.675
11.825 1.775
11.825 -1.725
11.825 1.825
11.825 -1.775
11.825 1.875
11.825 -1.825
11.875 1.725
11.875 -1.675
11.875 1.775
11.875 -1.725
11.875 1.825
11.875 -1.775
11.875 1.875
11.875 -1.825
11.925 1.725
11.925 -1.675
11.925 1.775
11.925 -1.725
11.925 1.825
11.925 -1.775
11.925 1.875
11.925 -1.825
11.975 1.725
11.975 -1.675
11.975 1.775
11.975 -1.725
11.975 1.825
11.975 -1.775
11.975 1.875
11.975 -1.825
12.025 1.725
12.025 -1.675
12.025 1.775
12.025 -1.725
12.025 1.825
12.025 -1.775
12.025 1.875
12.025 -1.825
12.075 1.725
12.075 -1.675
12.075 1.775
12.075 -1.725
12.075 1.825
12.075 -1.775
12.075 1.875
12.075 -1.825
12.125 1.725
12.125 -1.675
12.125 1.775
12.125 -1.725
12.125 1.825
12.125 -1.775
12.125 1.875
12.125 -1.825
12.175 1.725
12.175 -1.675
12.175 1.775
12.175 -1.725
12.175 1.825
12.175 -1.775
12.175 1.875
12.175 -1.825
12.225 1.725
12.225 -1.675
12.225 1.775
12.225 -1.725
12.225 1.825
12.225 -1.775
12.225 1.875
12.225 -1.825
12.275 1.725
12.275 -1.675
12.275 1.775
12.275 -1.725
12.275 1.825
12.275 -1.775
12.275 1.875
12.275 -1.825
12.325 1.725
12.325 -1.675
12.325 1.775
12.325 -1.725
12.325 1.825
12.325 -1.775
12.325 1.875
12.325 -1.825
12.375 1.725
12.375 -1.675
12.375 1.775
12.375 -1.725
12.375 1.825
12.375 -1.775
12.375 1.875
12.375 -1.825
12.425 1.725
12.425 -1.675
12.425 1.775
12.425 -1.725
12.425 1.825
12.425 -1.775
12.425 1.875
12.425 -1.825
12.475 1.725
12.475 -1.675
12.475 1.775
12.475 -1.725
12.475 1.825
12.475 -1.775
12.475 1.875
12.475 -1.825
12.525 1.725
12.525 -1.675
12.525 1.775
12.525 -1.725
12.525 1.825
12.525 -1.775
12.525 1.875
12.525 -1.825
12.575 1.725
12.575 -1.675
12.575 1.775
12.575 -1.725
12.575 1.825
12.575 -1.775
12.575 1.875
12.575 -1.825
12.625 1.725
12.625 -1.675
12.625 1.775
12.625 -1.725
12.625 1.825
12.625 -1.775
12.625 1.875
12.625 -1.825
12.675 1.725
12.675 -1.675
12.675 1.775
12.675 -1.725
12.675 1.825
12.675 -1.775
12.675 1.875
12.675 -1.825
12.725 1.725
12.725 -1.675
12.725 1.775
12.725 -1.725
12.725 1.825
12.725 -1.775
12.725 1.875
12.725 -1.825
12.775 1.725
12.775 -1.675
12.775 1.775
12.775 -1.725
12.775 1.825
12.775 -1.775
12.775 1.875
12.775 -1.825
12.825 1.725
12.825 -1.675
12.825 1.775
12.825 -1.725
12.825 1.825
12.825 -1.775
12.825 1.875
12.825 -1.825
12.875 1.725
12.875 -1.675
12.875 1.775
12.875 -1.725
12.875 1.825
12.875 -1.775
12.875 1.875
12.875 -1.825
12.925 1.725
12.925 -1.675
12.925 1.775
12.925 -1.725
12.925 1.825
12.925 -1.775
12.925 1.875
12.925 -1.825
12.975 1.725
12.975 -1.675
12.975 1.775
12.975 -1.725
12.975 1.825
12.975 -1.775
12.975 1.875
12.975 -1.825
13.025 1.725
13.025 -1.675
13.025 1.775
13.025 -1.725
13.025 1.825
13.025 -1.775
13.025 1.875
13.025 -1.825
13.075 1.725
13.075 -1.675
13.075 1.775
13.075 -1.725
13.075 1.825
13.075 -1.775
13.075 1.875
13.075 -1.825
13.125 1.725
13.125 -1.675
13.125 1.775
13.125 -1.725
13.125 1.825
13.125 -1.775
13.125 1.875
13.125 -1.825
13.175 1.725
13.175 -1.675
13.175 1.775
13.175 -1.725
13.175 1.825
13.175 -1.775
13.175 1.875
13.175 -1.825
13.225 1.725
13.225 -1.675
13.225 1.775
13.225 -1.725
13.225 1.825
13.225 -1.775
13.225 1.875
13.225 -1.825
13.275 1.725
13.275 -1.675
13.275 1.775
13.275 -1.725
13.275 1.825
13.275 -1.775
13.275 1.875
13.275 -1.825
13.325 1.725
13.325 -1.675
13.325 1.775
13.325 -1.725
13.325 1.825
13.325 -1.775
13.325 1.875
13.325 -1.825
13.375 1.725
13.375 -1.675
13.375 1.775
13.375 -1.725
13.375 1.825
13.375 -1.775
13.375 1.875
13.375 -1.825
13.425 1.725
13.425 -1.675
13.425 1.775
13.425 -1.725
13.425 1.825
13.425 -1.775
13.425 1.875
13.425 -1.825
13.475 1.725
13.475 -1.675
13.475 1.775
13.475 -1.725
13.475 1.825
13.475 -1.775
13.475 1.875
13.475 -1.825
13.525 1.725
13.525 -1.675
13.525 1.775
13.525 -1.725
13.525 1.825
13.525 -1.775
13.525 1.875
13.525 -1.825
13.575 1.725
13.575 -1.675
13.575 1.775
13.575 -1.725
13.575 1.825
13.575 -1.775
13.575 1.875
13.575 -1.825
13.625 1.725
13.625 -1.675
13.625 1.775
13.625 -1.725
13.625 1.825
13.625 -1.775
13.625 1.875
13.625 -1.825
13.675 1.725
13.675 -1.675
13.675 1.775
13.675 -1.725
13.675 1.825
13.675 -1.775
13.675 1.875
13.675 -1.825
13.725 1.725
13.725 -1.675
13.725 1.775
13.725 -1.725
13.725 1.825
13.725 -1.775
13.725 1.875
13.725 -1.825
13.775 1.725
13.775 -1.675
13.775 1.775
13.775 -1.725
13.775 1.825
13.775 -1.775
13.775 1.875
13.775 -1.825
13.825 1.725
13.825 -1.675
13.825 1.775
13.825 -1.725
13.825 1.825
13.825 -1.775
13.825 1.875
13.825 -1.825
13.875 1.725
13.875 -1.675
13.875 1.775
13.875 -1.725
13.875 1.825
13.875 -1.775
13.875 1.875
13.875 -1.825
13.925 1.725
13.925 -1.675
13.925 1.775
13.925 -1.725
13.925 1.825
13.925 -1.775
13.925 1.875
13.925 -1.825
13.975 1.725
13.975 -1.675
13.975 1.775
13.975 -1.725
13.975 1.825
13.975 -1.775
13.975 1.875
13.975 -1.825
14.025 1.725
14.025 -1.675
14.025 1.775
14.025 -1.725
14.025 1.825
14.025 -1.775
14.025 1.875
14.025 -1.825
14.075 1.725
14.075 -1.675
14.075 1.775
14.075 -1.725
14.075 1.825
14.075 -1.775
14.075 1.875
14.075 -1.825
14.125 1.725
14.125 -1.675
14.125 1.775
14.125 -1.725
14.125 1.825
14.125 -1.775
14.125 1.875
14.125 -1.825
14.175 1.725
14.175 -1.675
14.175 1.775
14.175 -1.725
14.175 1.825
14.175 -1.775
14.175 1.875
14.175 -1.825
14.225 1.725
14.225 -1.675
14.225 1.775
14.225 -1.725
14.225 1.825
14.225 -1.775
14.225 1.875
14.225 -1.825
14.275 1.725
14.275 -1.675
14.275 1.775
14.275 -1.725
14.275 1.825
14.275 -1.775
14.275 1.875
14.275 -1.825
14.325 1.725
14.325 -1.675
14.325 1.775
14.325 -1.725
14.325 1.825
14.325 -1.775
14.325 1.875
14.325 -1.825
14.375 1.725
14.375 -1.675
14.375 1.775
14.375 -1.725
14.375 1.825
14.375 -1.775
14.375 1.875
14.375 -1.825
14.425 1.725
14.425 -1.675
14.425 1.775
14.425 -1.725
14.425 1.825
14.425 -1.775
14.425 1.875
14.425 -1.825
14.475 1.725
14.475 -1.675
14.475 1.775
14.475 -1.725
14.475 1.825
14.475 -1.775
14.475 1.875
14.475 -1.825
14.525 1.725
14.525 -1.675
14.525 1.775
14.525 -1.725
14.525 1.825
14.525 -1.775
14.525 1.875
14.525 -1.825
14.575 1.725
14.575 -1.675
14.575 1.775
14.575 -1.725
14.575 1.825
14.575 -1.775
14.575 1.875
14.575 -1.825
14.625 1.725
14.625 -1.675
14.625 1.775
14.625 -1.725
14.625 1.825
14.625 -1.775
14.625 1.875
14.625 -1.825
14.675 1.725
14.675 -1.675
14.675 1.775
14.675 -1.725
14.675 1.825
14.675 -1.775
14.675 1.875
14.675 -1.825
14.725 1.725
14.725 -1.675
14.725 1.775
14.725 -1.725
14.725 1.825
14.725 -1.775
14.725 1.875
14.725 -1.825
14.775 1.725
14.775 -1.675
14.775 1.775
14.775 -1.725
14.775 1.825
14.775 -1.775
14.775 1.875
14.775 -1.825
14.825 1.725
14.825 -1.675
14.825 1.775
14.825 -1.725
14.825 1.825
14.825 -1.775
14.825 1.875
14.825 -1.825
14.875 1.725
14.875 -1.675
14.875 1.775
14.875 -1.725
14.875 1.825
14.875 -1.775
14.875 1.875
14.875 -1.825
14.925 1.725
14.925 -1.675
14.925 1.775
14.925 -1.725
14.925 1.825
14.925 -1.775
14.925 1.875
14.925 -1.825
14.975 1.725
14.975 -1.675
14.975 1.775
14.975 -1.725
14.975 1.825
14.975 -1.775
14.975 1.875
14.975 -1.825
15.025 1.725
15.025 -1.675
15.025 1.775
15.025 -1.725
15.025 1.825
15.025 -1.775
15.025 1.875
15.025 -1.825
15.075 1.725
15.075 -1.675
15.075 1.775
15.075 -1.725
15.075 1.825
15.075 -1.775
15.075 1.875
15.075 -1.825
15.125 1.725
15.125 -1.675
15.125 1.775
15.125 -1.725
15.125 1.825
15.125 -1.775
15.125 1.875
15.125 -1.825
15.175 1.725
15.175 -1.675
15.175 1.775
15.175 -1.725
15.175 1.825
15.175 -1.775
15.175 1.875
15.175 -1.825
15.225 1.725
15.225 -1.675
15.225 1.775
15.225 -1.725
15.225 1.825
15.225 -1.775
15.225 1.875
15.225 -1.825
15.275 1.725
15.275 -1.675
15.275 1.775
15.275 -1.725
15.275 1.825
15.275 -1.775
15.275 1.875
15.275 -1.825
15.325 1.725
15.325 -1.675
15.325 1.775
15.325 -1.725
15.325 1.825
15.325 -1.775
15.325 1.875
15.325 -1.825
15.375 1.725
15.375 -1.675
15.375 1.775
15.375 -1.725
15.375 1.825
15.375 -1.775
15.375 1.875
15.375 -1.825
15.425 1.725
15.425 -1.675
15.425 1.775
15.425 -1.725
15.425 1.825
15.425 -1.775
15.425 1.875
15.425 -1.825
9.44722 -7.69722
6.04722 -7.69722
9.49722 -7.69722
5.99722 -7.69722
9.54722 -7.69722
5.94722 -7.69722
9.59722 -7.69722
5.89722 -7.69722
9.44722 -7.64722
6.04722 -7.64722
9.49722 -7.64722
5.99722 -7.64722
9.54722 -7.64722
5.94722 -7.64722
9.59722 -7.64722
5.89722 -7.64722
9.44722 -7.59722
6.04722 -7.59722
9.49722 -7.59722
5.99722 -7.59722
9.54722 -7.59722
5.94722 -7.59722
9.59722 -7.59722
5.89722 -7.59722
9.44722 -7.54722
6.04722 -7.54722
9.49722 -7.54722
5.99722 -7.54722
9.54722 -7.54722
5.94722 -7.54722
9.59722 -7.54722
5.89722 -7.54722
9.44722 -7.49722
6.04722 -7.49722
9.49722 -7.49722
5.99722 -7.49722
9.54722 -7.49722
5.94722 -7.49722
9.59722 -7.49722
5.89722 -7.49722
9.44722 -7.44722
6.04722 -7.44722
9.49722 -7.44722
5.99722 -7.44722
9.54722 -7.44722
5.94722 -7.44722
9.59722 -7.44722
5.89722 -7.44722
9.44722 -7.39722
6.04722 -7.39722
9.49722 -7.39722
5.99722 -7.39722
9.54722 -7.39722
5.94722 -7.39722
9.59722 -7.39722
5.89722 -7.39722
9.44722 -7.34722
6.04722 -7.34722
9.49722 -7.34722
5.99722 -7.34722
9.54722 -7.34722
5.94722 -7.34722
9.59722 -7.34722
5.89722 -7.34722
9.44722 -7.29722
6.04722 -7.29722
9.49722 -7.29722
5.99722 -7.29722
9.54722 -7.29722
5.94722 -7.29722
9.59722 -7.29722
5.89722 -7.29722
9.44722 -7.24722
6.04722 -7.24722
9.49722 -7.24722
5.99722 -7.24722
9.54722 -7.24722
5.94722 -7.24722
9.59722 -7.24722
5.89722 -7.24722
9.44722 -7.19722
6.04722 -7.19722
9.49722 -7.19722
5.99722 -7.19722
9.54722 -7.19722
5.94722 -7.19722
9.59722 -7.19722
5.89722 -7.19722
9.44722 -7.14722
6.04722 -7.14722
9.49722 -7.14722
5.99722 -7.14722
9.54722 -7.14722
5.94722 -7.14722
9.59722 -7.14722
5.89722 -7.14722
9.44722 -7.09722
6.04722 -7.09722
9.49722 -7.09722
5.99722 -7.09722
9.54722 -7.09722
5.94722 -7.09722
9.59722 -7.09722
5.89722 -7.09722
9.44722 -7.04722
6.04722 -7.04722
9.49722 -7.04722
5.99722 -7.04722
9.54722 -7.04722
5.94722 -7.04722
9.59722 -7.04722
5.89722 -7.04722
9.44722 -6.99722
6.04722 -6.99722
9.49722 -6.99722
5.99722 -6.99722
9.54722 -6.99722
5.94722 -6.99722
9.59722 -6.99722
5.89722 -6.99722
9.44722 -6.94722
6.04722 -6.94722
9.49722 -6.94722
5.99722 -6.94722
9.54722 -6.94722
5.94722 -6.94722
9.59722 -6.94722
5.89722 -6.94722
9.44722 -6.89722
6.04722 -6.89722
9.49722 -6.89722
5.99722 -6.89722
9.54722 -6.89722
5.94722 -6.89722
9.59722 -6.89722
5.89722 -6.89722
9.44722 -6.84722
6.04722 -6.84722
9.49722 -6.84722
5.99722 -6.84722
9.54722 -6.84722
5.94722 -6.84722
9.59722 -6.84722
5.89722 -6.84722
9.44722 -6.79722
6.04722 -6.79722
9.49722 -6.79722
5.99722 -6.79722
9.54722 -6.79722
5.94722 -6.79722
9.59722 -6.79722
5.89722 -6.79722
9.44722 -6.74722
6.04722 -6.74722
9.49722 -6.74722
5.99722 -6.74722
9.54722 -6.74722
5.94722 -6.74722
9.59722 -6.74722
5.89722 -6.74722
9.44722 -6.69722
6.04722 -6.69722
9.49722 -6.69722
5.99722 -6.69722
9.54722 -6.69722
5.94722 -6.69722
9.59722 -6.69722
5.89722 -6.69722
9.44722 -6.64722
6.04722 -6.64722
9.49722 -6.64722
5.99722 -6.64722
9.54722 -6.64722
5.94722 -6.64722
9.59722 -6.64722
5.89722 -6.64722
9.44722 -6.59722
6.04722 -6.59722
9.49722 -6.59722
5.99722 -6.59722
9.54722 -6.59722
5.94722 -6.59722
9.59722 -6.59722
5.89722 -6.59722
9.44722 -6.54722
6.04722 -6.54722
9.49722 -6.54722
5.99722 -6.54722
9.54722 -6.54722
5.94722 -6.54722
9.59722 -6.54722
5.89722 -6.54722
9.44722 -6.49722
6.04722 -6.49722
9.49722 -6.49722
5.99722 -6.49722
9.54722 -6.49722
5.94722 -6.49722
9.59722 -6.49722
5.89722 -6.49722
9.44722 -6.44722
6.04722 -6.44722
9.49722 -6.44722
5.99722 -6.44722
9.54722 -6.44722
5.94722 -6.44722
9.59722 -6.44722
5.89722 -6.44722
9.44722 -6.39722
6.04722 -6.39722
9.49722 -6.39722
5.99722 -6.39722
9.54722 -6.39722
5.94722 -6.39722
9.59722 -6.39722
5.89722 -6.39722
9.44722 -6.34722
6.04722 -6.34722
9.49722 -6.34722
5.99722 -6.34722
9.54722 -6.34722
5.94722 -6.34722
9.59722 -6.34722
5.89722 -6.34722
9.44722 -6.29722
6.04722 -6.29722
9.49722 -6.29722
5.99722 -6.29722
9.54722 -6.29722
5.94722 -6.29722
9.59722 -6.29722
5.89722 -6.29722
9.44722 -6.24722
6.04722 -6.24722
9.49722 -6.24722
5.99722 -6.24722
9.54722 -6.24722
5.94722 -6.24722
9.59722 -6.24722
5.89722 -6.24722
9.44722 -6.19722
6.04722 -6.19722
9.49722 -6.19722
5.99722 -6.19722
9.54722 -6.19722
5.94722 -6.19722
9.59722 -6.19722
5.89722 -6.19722
9.44722 -6.14722
6.04722 -6.14722
9.49722 -6.14722
5.99722 -6.14722
9.54722 -6.14722
5.94722 -6.14722
9.59722 -6.14722
5.89722 -6.14722
9.44722 -6.09722
6.04722 -6.09722
9.49722 -6.09722
5.99722 -6.09722
9.54722 -6.09722
5.94722 -6.09722
9.59722 -6.09722
5.89722 -6.09722
9.44722 -6.04722
6.04722 -6.04722
9.49722 -6.04722
5.99722 -6.04722
9.54722 -6.04722
5.94722 -6.04722
9.59722 -6.04722
5.89722 -6.04722
9.44722 -5.99722
6.04722 -5.99722
9.49722 -5.99722
5.99722 -5.99722
9.54722 -5.99722
5.94722 -5.99722
9.59722 -5.99722
5.89722 -5.99722
9.44722 -5.94722
6.04722 -5.94722
9.49722 -5.94722
5.99722 -5.94722
9.54722 -5.94722
5.94722 -5.94722
9.59722 -5.94722
5.89722 -5.94722
9.44722 -5.89722
6.04722 -5.89722
9.49722 -5.89722
5.99722 -5.89722
9.54722 -5.89722
5.94722 -5.89722
9.59722 -5.89722
5.89722 -5.89722
9.44722 -5.84722
6.04722 -5.84722
9.49722 -5.84722
5.99722 -5.84722
9.54722 -5.84722
5.94722 -5.84722
9.59722 -5.84722
5.89722 -5.84722
9.44722 -5.79722
6.04722 -5.79722
9.49722 -5.79722
5.99722 -5.79722
9.54722 -5.79722
5.94722 -5.79722
9.59722 -5.79722
5.89722 -5.79722
9.44722 -5.74722
6.04722 -5.74722
9.49722 -5.74722
5.99722 -5.74722
9.54722 -5.74722
5.94722 -5.74722
9.59722 -5.74722
5.89722 -5.74722
9.44722 -5.69722
6.04722 -5.69722
9.49722 -5.69722
5.99722 -5.69722
9.54722 -5.69722
5.94722 -5.69722
9.59722 -5.69722
5.89722 -5.69722
9.44722 -5.64722
6.04722 -5.64722
9.49722 -5.64722
5.99722 -5.64722
9.54722 -5.64722
5.94722 -5.64722
9.59722 -5.64722
5.89722 -5.64722
9.44722 -5.59722
6.04722 -5.59722
9.49722 -5.59722
5.99722 -5.59722
9.54722 -5.59722
5.94722 -5.59722
9.59722 -5.59722
5.89722 -5.59722
9.44722 -5.54722
6.04722 -5.54722
9.49722 -5.54722
5.99722 -5.54722
9.54722 -5.54722
5.94722 -5.54722
9.59722 -5.54722
5.89722 -5.54722
9.44722 -5.49722
6.04722 -5.49722
9.49722 -5.49722
5.99722 -5.49722
9.54722 -5.49722
5.94722 -5.49722
9.59722 -5.49722
5.89722 -5.49722
9.44722 -5.44722
6.04722 -5.44722
9.49722 -5.44722
5.99722 -5.44722
9.54722 -5.44722
5.94722 -5.44722
9.59722 -5.44722
5.89722 -5.44722
9.44722 -5.39722
6.04722 -5.39722
9.49722 -5.39722
5.99722 -5.39722
9.54722 -5.39722
5.94722 -5.39722
9.59722 -5.39722
5.89722 -5.39722
9.44722 -5.34722
6.04722 -5.34722
9.49722 -5.34722
5.99722 -5.34722
9.54722 -5.34722
5.94722 -5.34722
9.59722 -5.34722
5.89722 -5.34722
9.44722 -5.29722
6.04722 -5.29722
9.49722 -5.29722
5.99722 -5.29722
9.54722 -5.29722
5.94722 -5.29722
9.59722 -5.29722
5.89722 -5.29722
9.44722 -5.24722
6.04722 -5.24722
9.49722 -5.24722
5.99722 -5.24722
9.54722 -5.24722
5.94722 -5.24722
9.59722 -5.24722
5.89722 -5.24722
9.44722 -5.19722
6.04722 -5.19722
9.49722 -5.19722
5.99722 -5.19722
9.54722 -5.19722
5.94722 -5.19722
9.59722 -5.19722
5.89722 -5.19722
9.44722 -5.14722
6.04722 -5.14722
9.49722 -5.14722
5.99722 -5.14722
9.54722 -5.14722
5.94722 -5.14722
9.59722 -5.14722
5.89722 -5.14722
9.44722 -5.09722
6.04722 -5.09722
9.49722 -5.09722
5.99722 -5.09722
9.54722 -5.09722
5.94722 -5.09722
9.59722 -5.09722
5.89722 -5.09722
9.44722 -5.04722
6.04722 -5.04722
9.49722 -5.04722
5.99722 -5.04722
9.54722 -5.04722
5.94722 -5.04722
9.59722 -5.04722
5.89722 -5.04722
9.44722 -4.99722
6.04722 -4.99722
9.49722 -4.99722
5.99722 -4.99722
9.54722 -4.99722
5.94722 -4.99722
9.59722 -4.99722
5.89722 -4.99722
9.44722 -4.94722
6.04722 -4.94722
9.49722 -4.94722
5.99722 -4.94722
9.54722 -4.94722
5.94722 -4.94722
9.59722 -4.94722
5.89722 -4.94722
9.44722 -4.89722
6.04722 -4.89722
9.49722 -4.89722
5.99722 -4.89722
9.54722 -4.89722
5.94722 -4.89722
9.59722 -4.89722
5.89722 -4.89722
9.44722 -4.84722
6.04722 -4.84722
9.49722 -4.84722
5.99722 -4.84722
9.54722 -4.84722
5.94722 -4.84722
9.59722 -4.84722
5.89722 -4.84722
9.44722 -4.79722
6.04722 -4.79722
9.49722 -4.79722
5.99722 -4.79722
9.54722 -4.79722
5.94722 -4.79722
9.59722 -4.79722
5.89722 -4.79722
9.44722 -4.74722
6.04722 -4.74722
9.49722 -4.74722
5.99722 -4.74722
9.54722 -4.74722
5.94722 -4.74722
9.59722 -4.74722
5.89722 -4.74722
9.44722 -4.69722
6.04722 -4.69722
9.49722 -4.69722
5.99722 -4.69722
9.54722 -4.69722
5.94722 -4.69722
9.59722 -4.69722
5.89722 -4.69722
9.44722 -4.64722
6.04722 -4.64722
9.49722 -4.64722
5.99722 -4.64722
9.54722 -4.64722
5.94722 -4.64722
9.59722 -4.64722
5.89722 -4.64722
9.44722 -4.59722
6.04722 -4.59722
9.49722 -4.59722
5.99722 -4.59722
9.54722 -4.59722
5.94722 -4.59722
9.59722 -4.59722
5.89722 -4.59722
9.44722 -4.54722
6.04722 -4.54722
9.49722 -4.54722
5.99722 -4.54722
9.54722 -4.54722
5.94722 -4.54722
9.59722 -4.54722
5.89722 -4.54722
9.44722 -4.49722
6.04722 -4.49722
9.49722 -4.49722
5.99722 -4.49722
9.54722 -4.49722
5.94722 -4.49722
9.59722 -4.49722
5.89722 -4.49722
9.44722 -4.44722
6.04722 -4.44722
9.49722 -4.44722
5.99722 -4.44722
9.54722 -4.44722
5.94722 -4.44722
9.59722 -4.44722
5.89722 -4.44722
9.44722 -4.39722
6.04722 -4.39722
9.49722 -4.39722
5.99722 -4.39722
9.54722 -4.39722
5.94722 -4.39722
9.59722 -4.39722
5.89722 -4.39722
9.44722 -4.34722
6.04722 -4.34722
9.49722 -4.34722
5.99722 -4.34722
9.54722 -4.34722
5.94722 -4.34722
9.59722 -4.34722
5.89722 -4.34722
9.44722 -4.29722
6.04722 -4.29722
9.49722 -4.29722
5.99722 -4.29722
9.54722 -4.29722
5.94722 -4.29722
9.59722 -4.29722
5.89722 -4.29722
9.44722 -4.24722
6.04722 -4.24722
9.49722 -4.24722
5.99722 -4.24722
9.54722 -4.24722
5.94722 -4.24722
9.59722 -4.24722
5.89722 -4.24722
9.44722 -4.19722
6.04722 -4.19722
9.49722 -4.19722
5.99722 -4.19722
9.54722 -4.19722
5.94722 -4.19722
9.59722 -4.19722
5.89722 -4.19722
9.44722 -4.14722
6.04722 -4.14722
9.49722 -4.14722
5.99722 -4.14722
9.54722 -4.14722
5.94722 -4.14722
9.59722 -4.14722
5.89722 -4.14722
9.44722 -4.09722
6.04722 -4.09722
9.49722 -4.09722
5.99722 -4.09722
9.54722 -4.09722
5.94722 -4.09722
9.59722 -4.09722
5.89722 -4.09722
9.44722 -4.04722
6.04722 -4.04722
9.49722 -4.04722
5.99722 -4.04722
9.54722 -4.04722
5.94722 -4.04722
9.59722 -4.04722
5.89722 -4.04722
9.44722 -3.99722
6.04722 -3.99722
9.49722 -3.99722
5.99722 -3.99722
9.54722 -3.99722
5.94722 -3.99722
9.59722 -3.99722
5.89722 -3.99722
9.44722 -3.94722
6.04722 -3.94722
9.49722 -3.94722
5.99722 -3.94722
9.54722 -3.94722
5.94722 -3.94722
9.59722 -3.94722
5.89722 -3.94722
9.44722 -3.89722
6.04722 -3.89722
9.49722 -3.89722
5.99722 -3.89722
9.54722 -3.89722
5.94722 -3.89722
9.59722 -3.89722
5.89722 -3.89722
9.44722 -3.84722
6.04722 -3.84722
9.49722 -3.84722
5.99722 -3.84722
9.54722 -3.84722
5.94722 -3.84722
9.59722 -3.84722
5.89722 -3.84722
9.44722 -3.79722
6.04722 -3.79722
9.49722 -3.79722
5.99722 -3.79722
9.54722 -3.79722
5.94722 -3.79722
9.59722 -3.79722
5.89722 -3.79722
9.44722 -3.74722
6.04722 -3.74722
9.49722 -3.74722
5.99722 -3.74722
9.54722 -3.74722
5.94722 -3.74722
9.59722 -3.74722
5.89722 -3.74722
9.44722 -3.69722
6.04722 -3.69722
9.49722 -3.69722
5.99722 -3.69722
9.54722 -3.69722
5.94722 -3.69722
9.59722 -3.69722
5.89722 -3.69722
9.44722 -3.64722
6.04722 -3.64722
9.49722 -3.64722
5.99722 -3.64722
9.54722 -3.64722
5.94722 -3.64722
9.59722 -3.64722
5.89722 -3.64722
9.44722 -3.59722
6.04722 -3.59722
9.49722 -3.59722
5.99722 -3.59722
9.54722 -3.59722
5.94722 -3.59722
9.59722 -3.59722
5.89722 -3.59722
9.44722 -3.54722
6.04722 -3.54722
9.49722 -3.54722
5.99722 -3.54722
9.54722 -3.54722
5.94722 -3.54722
9.59722 -3.54722
5.89722 -3.54722
9.44722 -3.49722
6.04722 -3.49722
9.49722 -3.49722
5.99722 -3.49722
9.54722 -3.49722
5.94722 -3.49722
9.59722 -3.49722
5.89722 -3.49722
9.44722 -3.44722
6.04722 -3.44722
9.49722 -3.44722
5.99722 -3.44722
9.54722 -3.44722
5.94722 -3.44722
9.59722 -3.44722
5.89722 -3.44722
9.44722 -3.39722
6.04722 -3.39722
9.49722 -3.39722
5.99722 -3.39722
9.54722 -3.39722
5.94722 -3.39722
9.59722 -3.39722
5.89722 -3.39722
9.44722 -3.34722
6.04722 -3.34722
9.49722 -3.34722
5.99722 -3.34722
9.54722 -3.34722
5.94722 -3.34722
9.59722 -3.34722
5.89722 -3.34722
9.44722 -3.29722
6.04722 -3.29722
9.49722 -3.29722
5.99722 -3.29722
9.54722 -3.29722
5.94722 -3.29722
9.59722 -3.29722
5.89722 -3.29722
9.44722 -3.24722
6.04722 -3.24722
9.49722 -3.24722
5.99722 -3.24722
9.54722 -3.24722
5.94722 -3.24722
9.59722 -3.24722
5.89722 -3.24722
9.44722 -3.19722
6.04722 -3.19722
9.49722 -3.19722
5.99722 -3.19722
9.54722 -3.19722
5.94722 -3.19722
9.59722 -3.19722
5.89722 -3.19722
9.44722 -3.14722
6.04722 -3.14722
9.49722 -3.14722
5.99722 -3.14722
9.54722 -3.14722
5.94722 -3.14722
9.59722 -3.14722
5.89722 -3.14722
9.44722 -3.09722
6.04722 -3.09722
9.49722 -3.09722
5.99722 -3.09722
9.54722 -3.09722
5.94722 -3.09722
9.59722 -3.09722
5.89722 -3.09722
9.44722 -3.04722
6.04722 -3.04722
9.49722 -3.04722
5.99722 -3.04722
9.54722 -3.04722
5.94722 -3.04722
9.59722 -3.04722
5.89722 -3.04722
9.44722 -2.99722
6.04722 -2.99722
9.49722 -2.99722
5.99722 -2.99722
9.54722 -2.99722
5.94722 -2.99722
9.59722 -2.99722
5.89722 -2.99722
9.44722 -2.94722
6.04722 -2.94722
9.49722 -2.94722
5.99722 -2.94722
9.54722 -2.94722
5.94722 -2.94722
9.59722 -2.94722
5.89722 -2.94722
9.44722 -2.89722
6.04722 -2.89722
9.49722 -2.89722
5.99722 -2.89722
9.54722 -2.89722
5.94722 -2.89722
9.59722 -2.89722
5.89722 -2.89722
9.44722 -2.84722
6.04722 -2.84722
9.49722 -2.84722
5.99722 -2.84722
9.54722 -2.84722
5.94722 -2.84722
9.59722 -2.84722
5.89722 -2.84722
9.44722 -2.79722
6.04722 -2.79722
9.49722 -2.79722
5.99722 -2.79722
9.54722 -2.79722
5.94722 -2.79722
9.59722 -2.79722
5.89722 -2.79722
9.44722 -2.74722
6.04722 -2.74722
9.49722 -2.74722
5.99722 -2.74722
9.54722 -2.74722
5.94722 -2.74722
9.59722 -2.74722
5.89722 -2.74722
9.44722 -2.69722
6.04722 -2.69722
9.49722 -2.69722
5.99722 -2.69722
9.54722 -2.69722
5.94722 -2.69722
9.59722 -2.69722
5.89722 -2.69722
9.44722 -2.64722
6.04722 -2.64722
9.49722 -2.64722
5.99722 -2.64722
9.54722 -2.64722
5.94722 -2.64722
9.59722 -2.64722
5.89722 -2.64722
9.44722 -2.59722
6.04722 -2.59722
9.49722 -2.59722
5.99722 -2.59722
9.54722 -2.59722
5.94722 -2.59722
9.59722 -2.59722
5.89722 -2.59722
9.44722 -2.54722
6.04722 -2.54722
9.49722 -2.54722
5.99722 -2.54722
9.54722 -2.54722
5.94722 -2.54722
9.59722 -2.54722
5.89722 -2.54722
9.44722 -2.49722
6.04722 -2.49722
9.49722 -2.49722
5.99722 -2.49722
9.54722 -2.49722
5.94722 -2.49722
9.59722 -2.49722
5.89722 -2.49722
9.44722 -2.44722
6.04722 -2.44722
9.49722 -2.44722
5.99722 -2.44722
9.54722 -2.44722
5.94722 -2.44722
9.59722 -2.44722
5.89722 -2.44722
9.44722 -2.39722
6.04722 -2.39722
9.49722 -2.39722
5.99722 -2.39722
9.54722 -2.39722
5.94722 -2.39722
9.59722 -2.39722
5.89722 -2.39722
9.44722 -2.34722
6.04722 -2.34722
9.49722 -2.34722
5.99722 -2.34722
9.54722 -2.34722
5.94722 -2.34722
9.59722 -2.34722
5.89722 -2.34722
9.44722 -2.29722
6.04722 -2.29722
9.49722 -2.29722
5.99722 -2.29722
9.54722 -2.29722
5.94722 -2.29722
9.59722 -2.29722
5.89722 -2.29722
9.44722 -2.24722
6.04722 -2.24722
9.49722 -2.24722
5.99722 -2.24722
9.54722 -2.24722
5.94722 -2.24722
9.59722 -2.24722
5.89722 -2.24722
9.44722 -2.19722
6.04722 -2.19722
9.49722 -2.19722
5.99722 -2.19722
9.54722 -2.19722
5.94722 -2.19722
9.59722 -2.19722
5.89722 -2.19722
9.44722 -2.14722
6.04722 -2.14722
9.49722 -2.14722
5.99722 -2.14722
9.54722 -2.14722
5.94722 -2.14722
9.59722 -2.14722
5.89722 -2.14722
9.44722 -2.09722
6.04722 -2.09722
9.49722 -2.09722
5.99722 -2.09722
9.54722 -2.09722
5.94722 -2.09722
9.59722 -2.09722
5.89722 -2.09722
9.44722 -2.04722
6.04722 -2.04722
9.49722 -2.04722
5.99722 -2.04722
9.54722 -2.04722
5.94722 -2.04722
9.59722 -2.04722
5.89722 -2.04722
9.44722 -1.99722
6.04722 -1.99722
9.49722 -1.99722
5.99722 -1.99722
9.54722 -1.99722
5.94722 -1.99722
9.59722 -1.99722
5.89722 -1.99722
9.44722 -1.94722
6.04722 -1.94722
9.49722 -1.94722
5.99722 -1.94722
9.54722 -1.94722
5.94722 -1.94722
9.59722 -1.94722
5.89722 -1.94722
9.44722 -1.89722
6.04722 -1.89722
9.49722 -1.89722
5.99722 -1.89722
9.54722 -1.89722
5.94722 -1.89722
9.59722 -1.89722
5.89722 -1.89722
9.44722 -1.84722
6.04722 -1.84722
9.49722 -1.84722
5.99722 -1.84722
9.54722 -1.84722
5.94722 -1.84722
9.59722 -1.84722
5.89722 -1.84722
9.44722 -1.79722
6.04722 -1.79722
9.49722 -1.79722
5.99722 -1.79722
9.54722 -1.79722
5.94722 -1.79722
9.59722 -1.79722
5.89722 -1.79722
9.44722 -1.74722
6.04722 -1.74722
9.49722 -1.74722
5.99722 -1.74722
9.54722 -1.74722
5.94722 -1.74722
9.59722 -1.74722
5.89722 -1.74722
9.44722 1.70278
6.04722 1.70278
9.49722 1.70278
5.99722 1.70278
9.54722 1.70278
5.94722 1.70278
9.59722 1.70278
5.89722 1.70278
9.44722 1.75278
6.04722 1.75278
9.49722 1.75278
5.99722 1.75278
9.54722 1.75278
5.94722 1.75278
9.59722 1.75278
5.89722 1.75278
9.44722 1.80278
6.04722 1.80278
9.49722 1.80278
5.99722 1.80278
9.54722 1.80278
5.94722 1.80278
9.59722 1.80278
5.89722 1.80278
9.44722 1.85278
6.04722 1.85278
9.49722 1.85278
5.99722 1.85278
9.54722 1.85278
5.94722 1.85278
9.59722 1.85278
5.89722 1.85278
9.44722 1.90278
6.04722 1.90278
9.49722 1.90278
5.99722 1.90278
9.54722 1.90278
5.94722 1.90278
9.59722 1.90278
5.89722 1.90278
9.44722 1.95278
6.04722 1.95278
9.49722 1.95278
5.99722 1.95278
9.54722 1.95278
5.94722 1.95278
9.59722 1.95278
5.89722 1.95278
9.44722 2.00278
6.04722 2.00278
9.49722 2.00278
5.99722 2.00278
9.54722 2.00278
5.94722 2.00278
9.59722 2.00278
5.89722 2.00278
9.44722 2.05278
6.04722 2.05278
9.49722 2.05278
5.99722 2.05278
9.54722 2.05278
5.94722 2.05278
9.59722 2.05278
5.89722 2.05278
9.44722 2.10278
6.04722 2.10278
9.49722 2.10278
5.99722 2.10278
9.54722 2.10278
5.94722 2.10278
9.59722 2.10278
5.89722 2.10278
9.44722 2.15278
6.04722 2.15278
9.49722 2.15278
5.99722 2.15278
9.54722 2.15278
5.94722 2.15278
9.59722 2.15278
5.89722 2.15278
9.44722 2.20278
6.04722 2.20278
9.49722 2.20278
5.99722 2.20278
9.54722 2.20278
5.94722 2.20278
9.59722 2.20278
5.89722 2.20278
9.44722 2.25278
6.04722 2.25278
9.49722 2.25278
5.99722 2.25278
9.54722 2.25278
5.94722 2.25278
9.59722 2.25278
5.89722 2.25278
9.44722 2.30278
6.04722 2.30278
9.49722 2.30278
5.99722 2.30278
9.54722 2.30278
5.94722 2.30278
9.59722 2.30278
5.89722 2.30278
9.44722 2.35278
6.04722 2.35278
9.49722 2.35278
5.99722 2.35278
9.54722 2.35278
5.94722 2.35278
9.59722 2.35278
5.89722 2.35278
9.44722 2.40278
6.04722 2.40278
9.49722 2.40278
5.99722 2.40278
9.54722 2.40278
5.94722 2.40278
9.59722 2.40278
5.89722 2.40278
9.44722 2.45278
6.04722 2.45278
9.49722 2.45278
5.99722 2.45278
9.54722 2.45278
5.94722 2.45278
9.59722 2.45278
5.89722 2.45278
9.44722 2.50278
6.04722 2.50278
9.49722 2.50278
5.99722 2.50278
9.54722 2.50278
5.94722 2.50278
9.59722 2.50278
5.89722 2.50278
9.44722 2.55278
6.04722 2.55278
9.49722 2.55278
5.99722 2.55278
9.54722 2.55278
5.94722 2.55278
9.59722 2.55278
5.89722 2.55278
9.44722 2.60278
6.04722 2.60278
9.49722 2.60278
5.99722 2.60278
9.54722 2.60278
5.94722 2.60278
9.59722 2.60278
5.89722 2.60278
9.44722 2.65278
6.04722 2.65278
9.49722 2.65278
5.99722 2.65278
9.54722 2.65278
5.94722 2.65278
9.59722 2.65278
5.89722 2.65278
9.44722 2.70278
6.04722 2.70278
9.49722 2.70278
5.99722 2.70278
9.54722 2.70278
5.94722 2.70278
9.59722 2.70278
5.89722 2.70278
9.44722 2.75278
6.04722 2.75278
9.49722 2.75278
5.99722 2.75278
9.54722 2.75278
5.94722 2.75278
9.59722 2.75278
5.89722 2.75278
9.44722 2.80278
6.04722 2.80278
9.49722 2.80278
5.99722 2.80278
9.54722 2.80278
5.94722 2.80278
9.59722 2.80278
5.89722 2.80278
9.44722 2.85278
6.04722 2.85278
9.49722 2.85278
5.99722 2.85278
9.54722 2.85278
5.94722 2.85278
9.59722 2.85278
5.89722 2.85278
9.44722 2.90278
6.04722 2.90278
9.49722 2.90278
5.99722 2.90278
9.54722 2.90278
5.94722 2.90278
9.59722 2.90278
5.89722 2.90278
9.44722 2.95278
6.04722 2.95278
9.49722 2.95278
5.99722 2.95278
9.54722 2.95278
5.94722 2.95278
9.59722 2.95278
5.89722 2.95278
9.44722 3.00278
6.04722 3.00278
9.49722 3.00278
5.99722 3.00278
9.54722 3.00278
5.94722 3.00278
9.59722 3.00278
5.89722 3.00278
9.44722 3.05278
6.04722 3.05278
9.49722 3.05278
5.99722 3.05278
9.54722 3.05278
5.94722 3.05278
9.59722 3.05278
5.89722 3.05278
9.44722 3.10278
6.04722 3.10278
9.49722 3.10278
5.99722 3.10278
9.54722 3.10278
5.94722 3.10278
9.59722 3.10278
5.89722 3.10278
9.44722 3.15278
6.04722 3.15278
9.49722 3.15278
5.99722 3.15278
9.54722 3.15278
5.94722 3.15278
9.59722 3.15278
5.89722 3.15278
9.44722 3.20278
6.04722 3.20278
9.49722 3.20278
5.99722 3.20278
9.54722 3.20278
5.94722 3.20278
9.59722 3.20278
5.89722 3.20278
9.44722 3.25278
6.04722 3.25278
9.49722 3.25278
5.99722 3.25278
9.54722 3.25278
5.94722 3.25278
9.59722 3.25278
5.89722 3.25278
9.44722 3.30278
6.04722 3.30278
9.49722 3.30278
5.99722 3.30278
9.54722 3.30278
5.94722 3.30278
9.59722 3.30278
5.89722 3.30278
9.44722 3.35278
6.04722 3.35278
9.49722 3.35278
5.99722 3.35278
9.54722 3.35278
5.94722 3.35278
9.59722 3.35278
5.89722 3.35278
9.44722 3.40278
6.04722 3.40278
9.49722 3.40278
5.99722 3.40278
9.54722 3.40278
5.94722 3.40278
9.59722 3.40278
5.89722 3.40278
9.44722 3.45278
6.04722 3.45278
9.49722 3.45278
5.99722 3.45278
9.54722 3.45278
5.94722 3.45278
9.59722 3.45278
5.89722 3.45278
9.44722 3.50278
6.04722 3.50278
9.49722 3.50278
5.99722 3.50278
9.54722 3.50278
5.94722 3.50278
9.59722 3.50278
5.89722 3.50278
9.44722 3.55278
6.04722 3.55278
9.49722 3.55278
5.99722 3.55278
9.54722 3.55278
5.94722 3.55278
9.59722 3.55278
5.89722 3.55278
9.44722 3.60278
6.04722 3.60278
9.49722 3.60278
5.99722 3.60278
9.54722 3.60278
5.94722 3.60278
9.59722 3.60278
5.89722 3.60278
9.44722 3.65278
6.04722 3.65278
9.49722 3.65278
5.99722 3.65278
9.54722 3.65278
5.94722 3.65278
9.59722 3.65278
5.89722 3.65278
9.44722 3.70278
6.04722 3.70278
9.49722 3.70278
5.99722 3.70278
9.54722 3.70278
5.94722 3.70278
9.59722 3.70278
5.89722 3.70278
9.44722 3.75278
6.04722 3.75278
9.49722 3.75278
5.99722 3.75278
9.54722 3.75278
5.94722 3.75278
9.59722 3.75278
5.89722 3.75278
9.44722 3.80278
6.04722 3.80278
9.49722 3.80278
5.99722 3.80278
9.54722 3.80278
5.94722 3.80278
9.59722 3.80278
5.89722 3.80278
9.44722 3.85278
6.04722 3.85278
9.49722 3.85278
5.99722 3.85278
9.54722 3.85278
5.94722 3.85278
9.59722 3.85278
5.89722 3.85278
9.44722 3.90278
6.04722 3.90278
9.49722 3.90278
5.99722 3.90278
9.54722 3.90278
5.94722 3.90278
9.59722 3.90278
5.89722 3.90278
9.44722 3.95278
6.04722 3.95278
9.49722 3.95278
5.99722 3.95278
9.54722 3.95278
5.94722 3.95278
9.59722 3.95278
5.89722 3.95278
9.44722 4.00278
6.04722 4.00278
9.49722 4.00278
5.99722 4.00278
9.54722 4.00278
5.94722 4.00278
9.59722 4.00278
5.89722 4.00278
9.44722 4.05278
6.04722 4.05278
9.49722 4.05278
5.99722 4.05278
9.54722 4.05278
5.94722 4.05278
9.59722 4.05278
5.89722 4.05278
9.44722 4.10278
6.04722 4.10278
9.49722 4.10278
5.99722 4.10278
9.54722 4.10278
5.94722 4.10278
9.59722 4.10278
5.89722 4.10278
9.44722 4.15278
6.04722 4.15278
9.49722 4.15278
5.99722 4.15278
9.54722 4.15278
5.94722 4.15278
9.59722 4.15278
5.89722 4.15278
9.44722 4.20278
6.04722 4.20278
9.49722 4.20278
5.99722 4.20278
9.54722 4.20278
5.94722 4.20278
9.59722 4.20278
5.89722 4.20278
9.44722 4.25278
6.04722 4.25278
9.49722 4.25278
5.99722 4.25278
9.54722 4.25278
5.94722 4.25278
9.59722 4.25278
5.89722 4.25278
9.44722 4.30278
6.04722 4.30278
9.49722 4.30278
5.99722 4.30278
9.54722 4.30278
5.94722 4.30278
9.59722 4.30278
5.89722 4.30278
9.44722 4.35278
6.04722 4.35278
9.49722 4.35278
5.99722 4.35278
9.54722 4.35278
5.94722 4.35278
9.59722 4.35278
5.89722 4.35278
9.44722 4.40278
6.04722 4.40278
9.49722 4.40278
5.99722 4.40278
9.54722 4.40278
5.94722 4.40278
9.59722 4.40278
5.89722 4.40278
9.44722 4.45278
6.04722 4.45278
9.49722 4.45278
5.99722 4.45278
9.54722 4.45278
5.94722 4.45278
9.59722 4.45278
5.89722 4.45278
9.44722 4.50278
6.04722 4.50278
9.49722 4.50278
5.99722 4.50278
9.54722 4.50278
5.94722 4.50278
9.59722 4.50278
5.89722 4.50278
9.44722 4.55278
6.04722 4.55278
9.49722 4.55278
5.99722 4.55278
9.54722 4.55278
5.94722 4.55278
9.59722 4.55278
5.89722 4.55278
9.44722 4.60278
6.04722 4.60278
9.49722 4.60278
5.99722 4.60278
9.54722 4.60278
5.94722 4.60278
9.59722 4.60278
5.89722 4.60278
9.44722 4.65278
6.04722 4.65278
9.49722 4.65278
5.99722 4.65278
9.54722 4.65278
5.94722 4.65278
9.59722 4.65278
5.89722 4.65278
9.44722 4.70278
6.04722 4.70278
9.49722 4.70278
5.99722 4.70278
9.54722 4.70278
5.94722 4.70278
9.59722 4.70278
5.89722 4.70278
9.44722 4.75278
6.04722 4.75278
9.49722 4.75278
5.99722 4.75278
9.54722 4.75278
5.94722 4.75278
9.59722 4.75278
5.89722 4.75278
9.44722 4.80278
6.04722 4.80278
9.49722 4.80278
5.99722 4.80278
9.54722 4.80278
5.94722 4.80278
9.59722 4.80278
5.89722 4.80278
9.44722 4.85278
6.04722 4.85278
9.49722 4.85278
5.99722 4.85278
9.54722 4.85278
5.94722 4.85278
9.59722 4.85278
5.89722 4.85278
9.44722 4.90278
6.04722 4.90278
9.49722 4.90278
5.99722 4.90278
9.54722 4.90278
5.94722 4.90278
9.59722 4.90278
5.89722 4.90278
9.44722 4.95278
6.04722 4.95278
9.49722 4.95278
5.99722 4.95278
9.54722 4.95278
5.94722 4.95278
9.59722 4.95278
5.89722 4.95278
9.44722 5.00278
6.04722 5.00278
9.49722 5.00278
5.99722 5.00278
9.54722 5.00278
5.94722 5.00278
9.59722 5.00278
5.89722 5.00278
9.44722 5.05278
6.04722 5.05278
9.49722 5.05278
5.99722 5.05278
9.54722 5.05278
5.94722 5.05278
9.59722 5.05278
5.89722 5.05278
9.44722 5.10278
6.04722 5.10278
9.49722 5.10278
5.99722 5.10278
9.54722 5.10278
5.94722 5.10278
9.59722 5.10278
5.89722 5.10278
9.44722 5.15278
6.04722 5.15278
9.49722 5.15278
5.99722 5.15278
9.54722 5.15278
5.94722 5.15278
9.59722 5.15278
5.89722 5.15278
9.44722 5.20278
6.04722 5.20278
9.49722 5.20278
5.99722 5.20278
9.54722 5.20278
5.94722 5.20278
9.59722 5.20278
5.89722 5.20278
9.44722 5.25278
6.04722 5.25278
9.49722 5.25278
5.99722 5.25278
9.54722 5.25278
5.94722 5.25278
9.59722 5.25278
5.89722 5.25278
9.44722 5.30278
6.04722 5.30278
9.49722 5.30278
5.99722 5.30278
9.54722 5.30278
5.94722 5.30278
9.59722 5.30278
5.89722 5.30278
9.44722 5.35278
6.04722 5.35278
9.49722 5.35278
5.99722 5.35278
9.54722 5.35278
5.94722 5.35278
9.59722 5.35278
5.89722 5.35278
9.44722 5.40278
6.04722 5.40278
9.49722 5.40278
5.99722 5.40278
9.54722 5.40278
5.94722 5.40278
9.59722 5.40278
5.89722 5.40278
9.44722 5.45278
6.04722 5.45278
9.49722 5.45278
5.99722 5.45278
9.54722 5.45278
5.94722 5.45278
9.59722 5.45278
5.89722 5.45278
9.44722 5.50278
6.04722 5.50278
9.49722 5.50278
5.99722 5.50278
9.54722 5.50278
5.94722 5.50278
9.59722 5.50278
5.89722 5.50278
9.44722 5.55278
6.04722 5.55278
9.49722 5.55278
5.99722 5.55278
9.54722 5.55278
5.94722 5.55278
9.59722 5.55278
5.89722 5.55278
9.44722 5.60278
6.04722 5.60278
9.49722 5.60278
5.99722 5.60278
9.54722 5.60278
5.94722 5.60278
9.59722 5.60278
5.89722 5.60278
9.44722 5.65278
6.04722 5.65278
9.49722 5.65278
5.99722 5.65278
9.54722 5.65278
5.94722 5.65278
9.59722 5.65278
5.89722 5.65278
9.44722 5.70278
6.04722 5.70278
9.49722 5.70278
5.99722 5.70278
9.54722 5.70278
5.94722 5.70278
9.59722 5.70278
5.89722 5.70278
9.44722 5.75278
6.04722 5.75278
9.49722 5.75278
5.99722 5.75278
9.54722 5.75278
5.94722 5.75278
9.59722 5.75278
5.89722 5.75278
9.44722 5.80278
6.04722 5.80278
9.49722 5.80278
5.99722 5.80278
9.54722 5.80278
5.94722 5.80278
9.59722 5.80278
5.89722 5.80278
9.44722 5.85278
6.04722 5.85278
9.49722 5.85278
5.99722 5.85278
9.54722 5.85278
5.94722 5.85278
9.59722 5.85278
5.89722 5.85278
9.44722 5.90278
6.04722 5.90278
9.49722 5.90278
5.99722 5.90278
9.54722 5.90278
5.94722 5.90278
9.59722 5.90278
5.89722 5.90278
9.44722 5.95278
6.04722 5.95278
9.49722 5.95278
5.99722 5.95278
9.54722 5.95278
5.94722 5.95278
9.59722 5.95278
5.89722 5.95278
9.44722 6.00278
6.04722 6.00278
9.49722 6.00278
5.99722 6.00278
9.54722 6.00278
5.94722 6.00278
9.59722 6.00278
5.89722 6.00278
9.44722 6.05278
6.04722 6.05278
9.49722 6.05278
5.99722 6.05278
9.54722 6.05278
5.94722 6.05278
9.59722 6.05278
5.89722 6.05278
9.44722 6.10278
6.04722 6.10278
9.49722 6.10278
5.99722 6.10278
9.54722 6.10278
5.94722 6.10278
9.59722 6.10278
5.89722 6.10278
9.44722 6.15278
6.04722 6.15278
9.49722 6.15278
5.99722 6.15278
9.54722 6.15278
5.94722 6.15278
9.59722 6.15278
5.89722 6.15278
9.44722 6.20278
6.04722 6.20278
9.49722 6.20278
5.99722 6.20278
9.54722 6.20278
5.94722 6.20278
9.59722 6.20278
5.89722 6.20278
9.44722 6.25278
6.04722 6.25278
9.49722 6.25278
5.99722 6.25278
9.54722 6.25278
5.94722 6.25278
9.59722 6.25278
5.89722 6.25278
9.44722 6.30278
6.04722 6.30278
9.49722 6.30278
5.99722 6.30278
9.54722 6.30278
5.94722 6.30278
9.59722 6.30278
5.89722 6.30278
9.44722 6.35278
6.04722 6.35278
9.49722 6.35278
5.99722 6.35278
9.54722 6.35278
5.94722 6.35278
9.59722 6.35278
5.89722 6.35278
9.44722 6.40278
6.04722 6.40278
9.49722 6.40278
5.99722 6.40278
9.54722 6.40278
5.94722 6.40278
9.59722 6.40278
5.89722 6.40278
9.44722 6.45278
6.04722 6.45278
9.49722 6.45278
5.99722 6.45278
9.54722 6.45278
5.94722 6.45278
9.59722 6.45278
5.89722 6.45278
9.44722 6.50278
6.04722 6.50278
9.49722 6.50278
5.99722 6.50278
9.54722 6.50278
5.94722 6.50278
9.59722 6.50278
5.89722 6.50278
9.44722 6.55278
6.04722 6.55278
9.49722 6.55278
5.99722 6.55278
9.54722 6.55278
5.94722 6.55278
9.59722 6.55278
5.89722 6.55278
9.44722 6.60278
6.04722 6.60278
9.49722 6.60278
5.99722 6.60278
9.54722 6.60278
5.94722 6.60278
9.59722 6.60278
5.89722 6.60278
9.44722 6.65278
6.04722 6.65278
9.49722 6.65278
5.99722 6.65278
9.54722 6.65278
5.94722 6.65278
9.59722 6.65278
5.89722 6.65278
9.44722 6.70278
6.04722 6.70278
9.49722 6.70278
5.99722 6.70278
9.54722 6.70278
5.94722 6.70278
9.59722 6.70278
5.89722 6.70278
9.44722 6.75278
6.04722 6.75278
9.49722 6.75278
5.99722 6.75278
9.54722 6.75278
5.94722 6.75278
9.59722 6.75278
5.89722 6.75278
9.44722 6.80278
6.04722 6.80278
9.49722 6.80278
5.99722 6.80278
9.54722 6.80278
5.94722 6.80278
9.59722 6.80278
5.89722 6.80278
9.44722 6.85278
6.04722 6.85278
9.49722 6.85278
5.99722 6.85278
9.54722 6.85278
5.94722 6.85278
9.59722 6.85278
5.89722 6.85278
9.44722 6.90278
6.04722 6.90278
9.49722 6.90278
5.99722 6.90278
9.54722 6.90278
5.94722 6.90278
9.59722 6.90278
5.89722 6.90278
9.44722 6.95278
6.04722 6.95278
9.49722 6.95278
5.99722 6.95278
9.54722 6.95278
5.94722 6.95278
9.59722 6.95278
5.89722 6.95278
9.44722 7.00278
6.04722 7.00278
9.49722 7.00278
5.99722 7.00278
9.54722 7.00278
5.94722 7.00278
9.59722 7.00278
5.89722 7.00278
9.44722 7.05278
6.04722 7.05278
9.49722 7.05278
5.99722 7.05278
9.54722 7.05278
5.94722 7.05278
9.59722 7.05278
5.89722 7.05278
9.44722 7.10278
6.04722 7.10278
9.49722 7.10278
5.99722 7.10278
9.54722 7.10278
5.94722 7.10278
9.59722 7.10278
5.89722 7.10278
9.44722 7.15278
6.04722 7.15278
9.49722 7.15278
5.99722 7.15278
9.54722 7.15278
5.94722 7.15278
9.59722 7.15278
5.89722 7.15278
9.44722 7.20278
6.04722 7.20278
9.49722 7.20278
5.99722 7.20278
9.54722 7.20278
5.94722 7.20278
9.59722 7.20278
5.89722 7.20278
9.44722 7.25278
6.04722 7.25278
9.49722 7.25278
5.99722 7.25278
9.54722 7.25278
5.94722 7.25278
9.59722 7.25278
5.89722 7.25278
9.44722 7.30278
6.04722 7.30278
9.49722 7.30278
5.99722 7.30278
9.54722 7.30278
5.94722 7.30278
9.59722 7.30278
5.89722 7.30278
9.44722 7.35278
6.04722 7.35278
9.49722 7.35278
5.99722 7.35278
9.54722 7.35278
5.94722 7.35278
9.59722 7.35278
5.89722 7.35278
9.44722 7.40278
6.04722 7.40278
9.49722 7.40278
5.99722 7.40278
9.54722 7.40278
5.94722 7.40278
9.59722 7.40278
5.89722 7.40278
9.44722 7.45278
6.04722 7.45278
9.49722 7.45278
5.99722 7.45278
9.54722 7.45278
5.94722 7.45278
9.59722 7.45278
5.89722 7.45278
9.44722 7.50278
6.04722 7.50278
9.49722 7.50278
5.99722 7.50278
9.54722 7.50278
5.94722 7.50278
9.59722 7.50278
5.89722 7.50278
9.44722 7.55278
6.04722 7.55278
9.49722 7.55278
5.99722 7.55278
9.54722 7.55278
5.94722 7.55278
9.59722 7.55278
5.89722 7.55278
9.44722 7.60278
6.04722 7.60278
9.49722 7.60278
5.99722 7.60278
9.54722 7.60278
5.94722 7.60278
9.59722 7.60278
5.89722 7.60278
9.44722 7.65278
6.04722 7.65278
9.49722 7.65278
5.99722 7.65278
9.54722 7.65278
5.94722 7.65278
9.59722 7.65278
5.89722 7.65278
9.44722 7.70278
6.04722 7.70278
9.49722 7.70278
5.99722 7.70278
9.54722 7.70278
5.94722 7.70278
9.59722 7.70278
5.89722 7.70278
